0 	 944960.175211 
1 	 944960.175211 
2 	 942081.515031 
3 	 939127.980870 
4 	 936194.581079 
5 	 933256.641638 
6 	 930301.012377 
7 	 927334.882699 
8 	 924346.304436 
9 	 921381.782320 
10 	 918403.124058 
11 	 915457.258202 
12 	 912503.790467 
13 	 909532.580664 
14 	 906600.387327 
15 	 903655.552773 
16 	 900733.615530 
17 	 897806.769978 
18 	 894885.952360 
19 	 892021.019267 
20 	 889154.775616 
21 	 886267.002147 
22 	 883410.764143 
23 	 880585.800531 
24 	 877764.799048 
25 	 874968.009508 
26 	 872161.892747 
27 	 869392.534928 
28 	 866658.228219 
29 	 863899.818059 
30 	 861200.639287 
31 	 858504.663785 
32 	 855843.208878 
33 	 853201.989210 
34 	 850594.201833 
35 	 847966.297557 
36 	 845378.860946 
37 	 842837.314751 
38 	 840264.160843 
39 	 837740.107668 
40 	 835239.497106 
41 	 832747.408894 
42 	 830260.094518 
43 	 827792.642743 
44 	 825347.576696 
45 	 822911.441714 
46 	 820473.087470 
47 	 818076.962372 
48 	 815683.810985 
49 	 813303.365973 
50 	 810967.349759 
51 	 808643.230079 
52 	 806328.087040 
53 	 804041.315966 
54 	 801778.385019 
55 	 799534.834210 
56 	 797328.613080 
57 	 795116.589689 
58 	 792970.874084 
59 	 790817.258227 
60 	 788685.989189 
61 	 786592.709831 
62 	 784504.601399 
63 	 782447.320692 
64 	 780382.150629 
65 	 778373.957528 
66 	 776368.759827 
67 	 774363.094376 
68 	 772381.464753 
69 	 770402.720720 
70 	 768442.166448 
71 	 766473.419372 
72 	 764499.594812 
73 	 762546.848144 
74 	 760602.486721 
75 	 758658.203327 
76 	 756692.498171 
77 	 754741.036557 
78 	 752775.080749 
79 	 750813.510647 
80 	 748833.032014 
81 	 746857.431855 
82 	 744863.847569 
83 	 742855.692256 
84 	 740870.299083 
85 	 738844.095732 
86 	 736816.115049 
87 	 734777.544279 
88 	 732718.929250 
89 	 730657.500232 
90 	 728564.701656 
91 	 726459.402743 
92 	 724365.716835 
93 	 722265.593843 
94 	 720149.373939 
95 	 718002.157222 
96 	 715862.222952 
97 	 713687.520888 
98 	 711561.627622 
99 	 709398.807376 
100 	 707223.320166 
101 	 705056.509573 
102 	 702880.040703 
103 	 700722.847955 
104 	 698541.549832 
105 	 696367.643944 
106 	 694202.796607 
107 	 692047.691507 
108 	 689840.757777 
109 	 687690.520654 
110 	 685524.427627 
111 	 683371.378542 
112 	 681209.045442 
113 	 679057.062049 
114 	 676881.892436 
115 	 674751.240275 
116 	 672608.142699 
117 	 670456.971907 
118 	 668351.883385 
119 	 666202.315011 
120 	 664066.801493 
121 	 661973.350616 
122 	 659853.692192 
123 	 657761.384228 
124 	 655675.381883 
125 	 653601.413584 
126 	 651560.273912 
127 	 649518.137283 
128 	 647510.430688 
129 	 645498.153334 
130 	 643511.905262 
131 	 641539.840531 
132 	 639624.850485 
133 	 637686.032602 
134 	 635783.256499 
135 	 633908.110695 
136 	 632052.931709 
137 	 630213.364118 
138 	 628379.700264 
139 	 626579.618669 
140 	 624799.712202 
141 	 623032.957170 
142 	 621274.186833 
143 	 619533.443748 
144 	 617830.193226 
145 	 616113.568593 
146 	 614436.351974 
147 	 612772.468668 
148 	 611104.336824 
149 	 609456.316989 
150 	 607836.324808 
151 	 606226.862235 
152 	 604604.707891 
153 	 603009.517179 
154 	 601428.277064 
155 	 599842.746896 
156 	 598274.615723 
157 	 596708.447572 
158 	 595152.005264 
159 	 593598.183983 
160 	 592051.120487 
161 	 590503.110117 
162 	 588957.797570 
163 	 587414.742600 
164 	 585877.721940 
165 	 584378.334211 
166 	 582827.839606 
167 	 581321.607712 
168 	 579802.256628 
169 	 578300.897126 
170 	 576806.677931 
171 	 575309.877910 
172 	 573812.856866 
173 	 572357.058155 
174 	 570883.235489 
175 	 569428.445674 
176 	 567986.995411 
177 	 566544.784141 
178 	 565122.494013 
179 	 563694.550820 
180 	 562295.468995 
181 	 560875.519145 
182 	 559491.658860 
183 	 558112.787575 
184 	 556740.337633 
185 	 555397.961335 
186 	 554057.408525 
187 	 552731.328378 
188 	 551410.571920 
189 	 550115.409249 
190 	 548848.832368 
191 	 547573.504527 
192 	 546341.591857 
193 	 545107.007581 
194 	 543904.130983 
195 	 542717.913834 
196 	 541546.651426 
197 	 540369.818374 
198 	 539224.341341 
199 	 538091.208531 
200 	 536948.786663 
201 	 535836.764478 
202 	 534732.293560 
203 	 533636.308642 
204 	 532523.700568 
205 	 531439.699979 
206 	 530344.196966 
207 	 529246.811399 
208 	 528174.409997 
209 	 527103.777572 
210 	 526014.238709 
211 	 524940.396561 
212 	 523886.194318 
213 	 522806.404855 
214 	 521746.703818 
215 	 520689.124076 
216 	 519638.684494 
217 	 518590.236021 
218 	 517532.621346 
219 	 516487.495111 
220 	 515428.849900 
221 	 514380.445382 
222 	 513337.624720 
223 	 512291.078050 
224 	 511260.590832 
225 	 510213.022419 
226 	 509192.510527 
227 	 508186.247396 
228 	 507182.616659 
229 	 506187.385862 
230 	 505206.456503 
231 	 504246.569117 
232 	 503300.976923 
233 	 502359.211109 
234 	 501462.290667 
235 	 500558.743517 
236 	 499695.698926 
237 	 498818.247720 
238 	 497996.717961 
239 	 497179.187347 
240 	 496387.750730 
241 	 495604.322291 
242 	 494838.734620 
243 	 494094.376714 
244 	 493363.978228 
245 	 492636.350214 
246 	 491892.479433 
247 	 491197.072108 
248 	 490484.518911 
249 	 489764.099656 
250 	 489048.916850 
251 	 488336.129297 
252 	 487601.108089 
253 	 486874.658783 
254 	 486123.386168 
255 	 485359.960835 
256 	 484595.427206 
257 	 483805.990254 
258 	 483005.488336 
259 	 482199.737803 
260 	 481391.972095 
261 	 480556.213970 
262 	 479712.919293 
263 	 478874.307204 
264 	 478012.064028 
265 	 477162.604519 
266 	 476300.970567 
267 	 475470.493731 
268 	 474614.776264 
269 	 473783.179540 
270 	 472959.220322 
271 	 472166.834285 
272 	 471367.734642 
273 	 470593.237057 
274 	 469846.329309 
275 	 469133.344011 
276 	 468431.158733 
277 	 467767.825941 
278 	 467128.009025 
279 	 466520.380041 
280 	 465959.404662 
281 	 465411.552734 
282 	 464907.007135 
283 	 464433.610291 
284 	 463984.474126 
285 	 463582.557291 
286 	 463212.669168 
287 	 462866.258551 
288 	 462542.546678 
289 	 462251.076372 
290 	 461992.351585 
291 	 461736.994706 
292 	 461521.704088 
293 	 461307.022240 
294 	 461117.420138 
295 	 460927.937347 
296 	 460752.564969 
297 	 460561.247929 
298 	 460399.374822 
299 	 460230.899041 
300 	 460064.345501 
301 	 459893.728962 
302 	 459722.056505 
303 	 459552.339764 
304 	 459376.687025 
305 	 459201.607540 
306 	 459024.402955 
307 	 458860.291294 
308 	 458682.509630 
309 	 458518.821707 
310 	 458362.398817 
311 	 458215.866294 
312 	 458066.699550 
313 	 457945.308568 
314 	 457836.762955 
315 	 457739.453897 
316 	 457657.300391 
317 	 457588.742898 
318 	 457545.336749 
319 	 457530.175589 
320 	 457522.619971 
321 	 457550.685234 
322 	 457605.812555 
323 	 457680.776601 
324 	 457778.243900 
325 	 457903.000879 
326 	 458049.261531 
327 	 458235.327942 
328 	 458436.405717 
329 	 458657.536502 
330 	 458909.083171 
331 	 459183.528844 
332 	 459479.297289 
333 	 459795.936583 
334 	 460131.241867 
335 	 460468.980976 
336 	 460830.927404 
337 	 461201.551144 
338 	 461582.343272 
339 	 461966.493009 
340 	 462352.958866 
341 	 462715.315840 
342 	 463101.591611 
343 	 463467.979486 
344 	 463822.146032 
345 	 464162.358461 
346 	 464507.864291 
347 	 464830.163816 
348 	 465156.148340 
349 	 465459.351215 
350 	 465773.696017 
351 	 466063.564213 
352 	 466348.865782 
353 	 466635.172947 
354 	 466917.056592 
355 	 467204.963686 
356 	 467506.266499 
357 	 467806.146603 
358 	 468103.591962 
359 	 468421.369456 
360 	 468738.116983 
361 	 469069.457606 
362 	 469417.178803 
363 	 469787.183815 
364 	 470165.497854 
365 	 470555.054144 
366 	 470969.646273 
367 	 471406.603806 
368 	 471846.972985 
369 	 472339.544917 
370 	 472834.480501 
371 	 473353.802841 
372 	 473910.924319 
373 	 474483.459251 
374 	 475083.059560 
375 	 475692.652191 
376 	 476308.632960 
377 	 476975.288321 
378 	 477653.803113 
379 	 478337.897015 
380 	 479043.277040 
381 	 479768.530367 
382 	 480483.849490 
383 	 481232.453579 
384 	 481984.869574 
385 	 482726.532544 
386 	 483483.443337 
387 	 484267.714739 
388 	 485032.397362 
389 	 485820.773095 
390 	 486610.023488 
391 	 487400.051212 
392 	 488196.482971 
393 	 489001.191074 
394 	 489831.890993 
395 	 490638.976114 
396 	 491482.160185 
397 	 492334.875620 
398 	 493194.933567 
399 	 494075.408969 
400 	 494956.837748 
401 	 495861.420884 
402 	 496757.983510 
403 	 497686.161501 
404 	 498641.228083 
405 	 499603.396171 
406 	 500561.527443 
407 	 501565.092516 
408 	 502563.606775 
409 	 503587.770846 
410 	 504631.248654 
411 	 505699.181780 
412 	 506793.339606 
413 	 507902.290956 
414 	 509032.221203 
415 	 510175.089987 
416 	 511361.037543 
417 	 512552.496158 
418 	 513768.632260 
419 	 514996.373014 
420 	 516251.279136 
421 	 517505.307350 
422 	 518771.691822 
423 	 520062.432833 
424 	 521341.542431 
425 	 522640.307054 
426 	 523940.939762 
427 	 525229.603283 
428 	 526557.019666 
429 	 527865.351367 
430 	 529167.389341 
431 	 530484.055745 
432 	 531805.871347 
433 	 533107.308121 
434 	 534432.269170 
435 	 535744.203750 
436 	 537074.465732 
437 	 538396.244447 
438 	 539765.420125 
439 	 541097.954047 
440 	 542449.610867 
441 	 543814.193337 
442 	 545216.130043 
443 	 546631.774845 
444 	 548060.404803 
445 	 549492.889375 
446 	 550974.280814 
447 	 552463.281429 
448 	 553987.194144 
449 	 555515.165206 
450 	 557058.513743 
451 	 558651.881643 
452 	 560246.636740 
453 	 561860.326160 
454 	 563501.404395 
455 	 565161.167591 
456 	 566846.225424 
457 	 568531.905102 
458 	 570233.014728 
459 	 571949.609275 
460 	 573694.254315 
461 	 575442.610091 
462 	 577196.108338 
463 	 578966.647159 
464 	 580749.978916 
465 	 582549.716687 
466 	 584331.913664 
467 	 586124.920176 
468 	 587916.929629 
469 	 589749.469981 
470 	 591557.334960 
471 	 593371.984327 
472 	 595198.386805 
473 	 597033.774586 
474 	 598850.781315 
475 	 600680.845101 
476 	 602533.985719 
477 	 604379.747638 
478 	 606223.088495 
479 	 608071.412403 
480 	 609959.870050 
481 	 611817.732805 
482 	 613686.936708 
483 	 615561.900967 
484 	 617459.502918 
485 	 619358.398847 
486 	 621245.817253 
487 	 623134.381177 
488 	 625031.499726 
489 	 626942.691361 
490 	 628852.715783 
491 	 630777.014832 
492 	 632691.642011 
493 	 634615.805995 
494 	 636558.213807 
495 	 638501.456547 
496 	 640465.127346 
497 	 642433.450639 
498 	 644392.516389 
499 	 646392.581709 
500 	 648402.163038 
501 	 650418.453220 
502 	 652449.434759 
503 	 654512.216107 
504 	 656594.245023 
505 	 658689.012916 
506 	 660804.674840 
507 	 662953.471123 
508 	 665115.569064 
509 	 667289.421028 
510 	 669501.805637 
511 	 671735.446108 
512 	 673975.721932 
513 	 676260.544468 
514 	 678545.346716 
515 	 680860.676497 
516 	 683207.273605 
517 	 685556.278657 
518 	 687907.041825 
519 	 690302.749683 
520 	 692674.244134 
521 	 695066.934096 
522 	 697475.709081 
523 	 699894.482681 
524 	 702316.223006 
525 	 704743.991196 
526 	 707182.981943 
527 	 709617.707229 
528 	 712037.720564 
529 	 714469.076508 
530 	 716905.469751 
531 	 719337.225672 
532 	 721768.132162 
533 	 724180.207935 
534 	 726610.716368 
535 	 729044.339410 
536 	 731427.287472 
537 	 733857.121470 
538 	 736258.197257 
539 	 738641.508983 
540 	 741048.472372 
541 	 743421.593368 
542 	 745826.370711 
543 	 748234.818120 
544 	 750604.903525 
545 	 753006.035088 
546 	 755430.606648 
547 	 757836.206984 
548 	 760257.283816 
549 	 762729.054174 
550 	 765173.097480 
551 	 767680.776048 
552 	 770222.400309 
553 	 772775.460482 
554 	 775338.746123 
555 	 777917.466508 
556 	 780572.658650 
557 	 783213.065467 
558 	 785917.966314 
559 	 788637.035278 
560 	 791355.855664 
561 	 794152.567665 
562 	 796931.123337 
563 	 799755.351514 
564 	 802555.509869 
565 	 805423.550851 
566 	 808270.759327 
567 	 811149.128924 
568 	 814006.368465 
569 	 816896.739298 
570 	 819788.749940 
571 	 822667.943075 
572 	 825567.343956 
573 	 828486.375868 
574 	 831385.065081 
575 	 834300.822538 
576 	 837215.494079 
577 	 840114.242533 
578 	 843040.240549 
579 	 845936.298439 
580 	 848847.964042 
581 	 851763.911003 
582 	 854697.565809 
583 	 857610.666458 
584 	 860535.137377 
585 	 863436.362273 
586 	 866389.152813 
587 	 869338.333451 
588 	 872323.299642 
589 	 875263.840207 
590 	 878223.456208 
591 	 881244.308691 
592 	 884284.522224 
593 	 887328.682510 
594 	 890434.880883 
595 	 893545.222211 
596 	 896695.951908 
597 	 899889.485688 
598 	 903087.898983 
599 	 906348.099907 
600 	 909645.306900 
601 	 912980.523863 
602 	 916315.051079 
603 	 919705.832997 
604 	 923123.022494 
605 	 926563.894611 
606 	 930025.903824 
607 	 933529.532882 
608 	 937057.373444 
609 	 940556.241078 
610 	 944108.756788 
611 	 947692.372036 
612 	 951247.478689 
613 	 954839.406195 
614 	 958382.894364 
615 	 961962.290508 
616 	 965516.729351 
617 	 969085.457467 
618 	 972649.003073 
619 	 976149.100859 
620 	 979685.757164 
621 	 983193.094001 
622 	 986676.507699 
623 	 990138.824285 
624 	 993599.712696 
625 	 997037.116026 
626 	 1000417.821003 
627 	 1003836.032084 
628 	 1007225.074642 
629 	 1010575.885657 
630 	 1013906.159252 
